BJ01      29.597    80.867  1257.000         1
CH06      29.546    81.201  1373.000         2
DE02      29.462    80.901  1017.000         3
DK13      28.865    81.730  1496.000         4
DU12      28.879    81.605  1372.000         5
GH25      29.520    82.150  2629.000         6
JL27      29.278    82.193  2390.000         7
KS11      28.972    81.624  1863.000         8
MA10      29.452    81.475  1696.000         9
ML04      29.502    81.085  1143.000        10
NU14      28.911    81.806  1270.000        11
SJ26      29.409    82.024  2473.000        12
SM15      29.971    81.811  3226.000        13
TK08      29.615    81.289  1895.000        14
WA07      29.604    81.150  1886.000        15
MEGN      28.713    82.341  2740.000        16
HARN      28.418    81.674  1230.000        17
GABN      28.680    81.614  2120.000        18
GNKN      28.633    81.331  1334.000        19
PUSN      28.875    81.271  1524.000        20
BAYN      29.474    81.201  3050.000        21
BADN      28.773    81.167  1556.000        22
GJRN      29.483    80.742  2934.000        23
GHAN      29.177    80.627  2450.000        24
BHWN      28.656    81.714  2241.000        25
